2^1023
39 8988 46567431 15795386 46525953 94512366 80898848 94711532 86367150 40578866 33790275 04815663 54238661 20376801 05600569 39935696 67882939 48844072 08311246 42371531 97370621 88883946 71243274 26381511 09800623 04705972 65414760 42502884 41907534 11712314 40736956 55527041 36185816 75255342 29314911 99736229 69239858 15241767 81648121 12068608
2^345 - 1
13 71671831 74968973 47378381 52978190 21689989 26559115 08785116 79965123 08413398 77765150 25218807 97846914 27704831

 39 :     8988 46567431 15795386 46525953 94512366 80898848 94711532 86367150 40578866 33790275 04815663 54238661 20376801 05600569 39935696 67882939 48844072 08311246 42371531 97370621 88883946 71243274 26381511 09800623 04705972 65414760 42502884 41907534 11712314 40736956 55527041 36185816 75255342 29314911 99736229 69239858 15241767 81648121 12068608 
 13 : 71671831 74968973 47378381 52978190 21689989 26559115 08785116 79965123 08413398 77765150 25218807 97846914 27704831 
 26 :    12541 14127528 27966385 86497027 58819738 75769133 63511976 86075754 38095777 80137770 36862877 28942305 50738456 79058160 97542998 79077413 03090771 07206469 37620282 90096723 05937445 49724641 15673660 10469020 92244555 51451136 
 13 :    17498 00579826 40953949 80017816 94097092 28253554 47145699 49140616 48512796 23993595 00738578 81054161 84430592 

