1
1
2
1
2
2
3
1
2
2
3
2
3
3
4
1
2
2
3
2
3
3
4
2
3
3
4
3
4
4
5
2
3
3
4
3
4
4
5
3
4
4
5
4
5
5
6
3
4
4
5
4
5
5
6
4
5
5
8
7
8
8
9
3
4
4
5
4
5
5
6
4
5
5
6
5
6
6
7
4
5
5
6
5
6
6
7
5
6
6
10
9
10
10
11
8
9
9
10
9
10
10
11
9
10
10
11
10
11
11
12
9
10
10
11
10
11
14
15
13
14
14
17
16
17
17
18
5
6
6
7
6
7
7
8
6
7
7
8
7
8
8
9
6
7
7
8
7
8
8
9
7
8
8
14
13
14
14
15
12
13
13
14
13
14
14
15
13
14
14
15
14
15
15
16
13
14
14
15
14
15
20
21
19
20
20
23
22
23
23
24
18
19
19
20
19
20
20
21
19
20
20
21
20
21
21
22
24
25
25
26
25
26
26
27
25
26
26
30
29
30
30
31
28
29
29
30
29
30
30
31
29
30
30
36
35
36
36
37
34
35
35
36
35
36
39
40
38
39
39
42
41
42
42
43
10
11
11
12
11
12
12
13
11
12
12
13
12
13
13
14
11
12
12
13
12
13
13
14
12
13
13
24
23
24
24
25
22
23
23
24
23
24
24
25
23
24
24
25
24
25
25
26
23
24
24
25
24
25
35
36
34
35
35
38
37
38
38
39
33
34
34
35
34
35
35
36
34
35
35
36
35
36
36
37
44
45
45
46
45
46
46
47
45
46
46
50
49
50
50
51
48
49
49
50
49
50
50
51
49
50
50
61
60
61
61
62
59
60
60
61
60
61
64
65
63
64
64
67
66
67
67
68
55
56
56
57
56
67
67
68
66
67
67
68
67
68
68
69
66
67
67
68
67
68
68
69
67
68
68
74
73
74
74
75
82
83
83
84
83
84
84
85
83
84
84
85
84
85
85
86
83
84
84
85
84
85
90
91
89
90
90
103
102
103
103
104
98
99
99
100
99
100
100
101
99
100
100
101
100
101
101
102
104
105
105
106
105
116
116
117
115
116
116
120
119
120
120
121
118
119
119
120
119
120
120
121
119
120
120
126
125
126
126
127
134
135
135
136
135
136
139
140
138
139
139
142
141
142
142
143
20
21
21
22
21
22
22
23
21
22
22
23
22
23
23
24
21
22
22
23
22
23
23
24
22
23
23
44
43
44
44
45
42
43
43
44
43
44
44
45
43
44
44
45
44
45
45
46
43
44
44
45
44
45
65
66
64
65
65
68
67
68
68
69
63
64
64
65
64
65
65
66
64
65
65
66
65
66
66
67
84
85
85
86
85
86
86
87
85
86
86
90
89
90
90
91
88
89
89
90
89
90
90
91
89
90
90
111
110
111
111
112
109
110
110
111
110
111
114
115
113
114
114
117
116
117
117
118
105
106
106
107
106
127
127
128
126
127
127
128
127
128
128
129
126
127
127
128
127
128
128
129
127
128
128
134
133
134
134
135
152
153
153
154
153
154
154
155
153
154
154
155
154
155
155
156
153
154
154
155
154
155
160
161
159
160
160
183
182
183
183
184
178
179
179
180
179
180
180
181
179
180
180
181
180
181
181
182
184
185
185
186
185
206
206
207
205
206
206
210
209
210
210
211
208
209
209
210
209
210
210
211
209
210
210
216
215
216
216
217
234
235
235
236
235
236
239
240
238
239
239
242
241
242
242
243
210
211
211
212
211
212
212
213
211
212
232
233
232
233
233
234
231
232
232
233
232
233
233
234
232
233
233
244
243
244
244
245
242
243
243
244
243
264
264
265
263
264
264
265
264
265
265
266
263
264
264
265
264
265
275
276
274
275
275
278
277
278
278
299
293
294
294
295
294
295
295
296
294
295
295
296
295
296
296
297
304
305
305
306
305
306
306
307
305
306
326
330
329
330
330
331
328
329
329
330
329
330
330
331
329
330
330
341
340
341
341
342
339
340
340
341
340
361
364
365
363
364
364
367
366
367
367
368
355
356
356
357
356
367
367
368
366
367
367
368
367
368
368
389
386
387
387
388
387
388
388
389
387
388
388
394
393
394
394
395
402
403
403
404
403
404
404
405
403
404
424
425
424
425
425
426
423
424
424
425
424
425
430
431
429
430
430
443
442
443
443
444
438
439
439
440
459
460
460
461
459
460
460
461
460
461
461
462
464
465
465
466
465
476
476
477
475
476
476
480
479
480
480
501
498
499
499
500
499
500
500
501
499
500
500
506
505
506
506
507
514
515
515
516
515
516
519
520
518
539
539
542
541
542
542
543
39
40
40
41
40
41
41
42
40
41
41
42
41
42
42
43
40
41
41
42
41
42
42
43
41
42
42
82
81
82
82
83
80
81
81
82
81
82
82
83
81
82
82
83
82
83
83
84
81
82
82
83
82
83
122
123
121
122
122
125
124
125
125
126
120
121
121
122
121
122
122
123
121
122
122
123
122
123
123
124
160
161
161
162
161
162
162
163
161
162
162
166
165
166
166
167
164
165
165
166
165
166
166
167
165
166
166
206
205
206
206
207
204
205
205
206
205
206
209
210
208
209
209
212
211
212
212
213
200
201
201
202
201
241
241
242
240
241
241
242
241
242
242
243
240
241
241
242
241
242
242
243
241
242
242
248
247
248
248
249
285
286
286
287
286
287
287
288
286
287
287
288
287
288
288
289
286
287
287
288
287
288
293
294
292
293
293
335
334
335
335
336
330
331
331
332
331
332
332
333
331
332
332
333
332
333
333
334
336
337
337
338
337
377
377
378
376
377
377
381
380
381
381
382
379
380
380
381
380
381
381
382
380
381
381
387
386
387
387
388
424
425
425
426
425
426
429
430
428
429
429
432
431
432
432
433
400
401
401
402
401
402
402
403
401
402
441
442
441
442
442
443
440
441
441
442
441
442
442
443
441
442
442
453
452
453
453
454
451
452
452
453
452
492
492
493
491
492
492
493
492
493
493
494
491
492
492
493
492
493
503
504
502
503
503
506
505
506
506
546
540
541
541
542
541
542
542
543
541
542
542
543
542
543
543
544
551
552
552
553
552
553
553
554
552
553
592
596
595
596
596
597
594
595
595
596
595
596
596
597
595
596
596
607
606
607
607
608
605
606
606
607
606
646
649
650
648
649
649
652
651
652
652
653
640
641
641
642
641
652
652
653
651
652
652
653
652
653
653
693
690
691
691
692
691
692
692
693
691
692
692
698
697
698
698
699
706
707
707
708
707
708
708
709
707
708
747
748
747
748
748
749
746
747
747
748
747
748
753
754
752
753
753
766
765
766
766
767
761
762
762
763
801
802
802
803
801
802
802
803
802
803
803
804
806
807
807
808
807
818
818
819
817
818
818
822
821
822
822
862
859
860
860
861
860
861
861
862
860
861
861
867
866
867
867
868
875
876
876
877
876
877
880
881
879
919
919
922
921
922
922
923
800
801
801
802
801
802
802
803
801
802
802
803
802
803
803
804
801
802
802
803
841
842
842
843
841
842
842
863
862
863
863
864
861
862
862
863
862
863
863
864
862
863
863
864
863
864
864
904
901
902
902
903
902
903
923
924
922
923
923
926
925
926
926
927
921
922
922
923
922
923
923
924
922
962
962
963
962
963
963
964
981
982
982
983
982
983
983
984
982
983
983
987
986
987
987
988
985
986
986
987
1025
1026
1026
1027
1025
1026
1026
1047
1046
1047
1047
1048
1045
1046
1046
1047
1046
1047
1050
1051
1049
1050
1050
1053
1052
1053
1092
1093
1080
1081
1081
1082
1081
1102
1102
1103
1101
1102
1102
1103
1102
1103
1103
1104
1101
1102
1102
1103
1102
1103
1103
1104
1102
1142
1142
1148
1147
1148
1148
1149
1166
1167
1167
1168
1167
1168
1168
1169
1167
1168
1168
1169
1168
1169
1169
1170
1167
1168
1168
1208
1207
1208
1213
1214
1212
1213
1213
1236
1235
1236
1236
1237
1231
1232
1232
1233
1232
1233
1233
1234
1232
1233
1233
1234
1233
1234
1273
1274
1276
1277
1277
1278
1277
1298
1298
1299
1297
1298
1298
1302
1301
1302
1302
1303
1300
1301
1301
1302
1301
1302
1302
1303
1301
1341
1341
1347
1346
1347
1347
1348
1365
1366
1366
1367
1366
1367
1370
1371
1369
1370
1370
1373
1372
1373
1373
1374
1341
1342
1342
1382
1381
1382
1382
1383
1381
1382
1402
1403
1402
1403
1403
1404
1401
1402
1402
1403
1402
1403
1403
1404
1402
1403
1403
1414
1413
1414
1453
1454
1451
1452
1452
1453
1452
1473
1473
1474
1472
1473
1473
1474
1473
1474
1474
1475
1472
1473
1473
1474
1473
1474
1484
1485
1522
1523
1523
1526
1525
1526
1526
1547
1541
1542
1542
1543
1542
1543
1543
1544
1542
1543
1543
1544
1543
1544
1544
1545
1552
1553
1553
1593
1592
1593
1593
1594
1592
1593
1613
1617
1616
1617
1617
1618
1615
1616
1616
1617
1616
1617
1617
1618
1616
1617
1617
1628
1627
1667
1667
1668
1665
1666
1666
1667
1666
1687
1690
1691
1689
1690
1690
1693
1692
1693
1693
1694
1681
1682
1682
1683
1682
1693
1693
1694
1731
1732
1732
1733
1732
1733
1733
1754
1751
1752
1752
1753
1752
1753
1753
1754
1752
1753
1753
1759
1758
1759
1759
1760
1767
1768
1768
1808
1807
1808
1808
1809
1807
1808
1828
1829
1828
1829
1829
1830
1827
1828
1828
1829
1828
1829
1834
1835
1833
1834
1834
1847
1846
1886
1886
1887
1881
1882
1882
1883
1902
1903
1903
1904
1902
1903
1903
1904
1903
1904
1904
1905
1907
1908
1908
1909
1908
1919
1919
1920
1957
1958
1958
1962
1961
1962
1962
1983
1980
1981
1981
1982
1981
1982
1982
1983
1981
1982
1982
1988
1987
1988
1988
1989
1996
1997
2036
2037
2036
2037
2040
2041
2039
2060
2060
2063
2062
2063
2063
2064
78
79
79
80
79
80
80
81
79
80
80
81
80
81
81
82
79
80
80
81
80
81
81
82
80
81
81
160
159
160
160
161
158
159
159
160
159
160
160
161
159
160
160
161
160
161
161
162
159
160
160
161
160
161
239
240
238
239
239
242
241
242
242
243
237
238
238
239
238
239
239
240
238
239
239
240
239
240
240
241
316
317
317
318
317
318
318
319
317
318
318
322
321
322
322
323
320
321
321
322
321
322
322
323
321
322
322
401
400
401
401
402
399
400
400
401
400
401
404
405
403
404
404
407
406
407
407
408
395
396
396
397
396
475
475
476
474
475
475
476
475
476
476
477
474
475
475
476
475
476
476
477
475
476
476
482
481
482
482
483
558
559
559
560
559
560
560
561
559
560
560
561
560
561
561
562
559
560
560
561
560
561
566
567
565
566
566
647
646
647
647
648
642
643
643
644
643
644
644
645
643
644
644
645
644
645
645
646
648
649
649
650
649
728
728
729
727
728
728
732
731
732
732
733
730
731
731
732
731
732
732
733
731
732
732
738
737
738
738
739
814
815
815
816
815
816
819
820
818
819
819
822
821
822
822
823
790
791
791
792
791
792
792
793
791
792
870
871
870
871
871
872
869
870
870
871
870
871
871
872
870
871
871
882
881
882
882
883
880
881
881
882
881
960
960
961
959
960
960
961
960
961
961
962
959
960
960
961
960
961
971
972
970
971
971
974
973
974
974
1053
1047
1048
1048
1049
1048
1049
1049
1050
1048
1049
1049
1050
1049
1050
1050
1051
1058
1059
1059
1060
1059
1060
1060
1061
1059
1060
1138
1142
1141
1142
1142
1143
1140
1141
1141
1142
1141
1142
1142
1143
1141
1142
1142
1153
1152
1153
1153
1154
1151
1152
1152
1153
1152
1231
1234
1235
1233
1234
1234
1237
1236
1237
1237
1238
1225
1226
1226
1227
1226
1237
1237
1238
1236
1237
1237
1238
1237
1238
1238
1317
1314
1315
1315
1316
1315
1316
1316
1317
1315
1316
1316
1322
1321
1322
1322
1323
1330
1331
1331
1332
1331
1332
1332
1333
1331
1332
1410
1411
1410
1411
1411
1412
1409
1410
1410
1411
1410
1411
1416
1417
1415
1416
1416
1429
1428
1429
1429
1430
1424
1425
1425
1426
1503
1504
1504
1505
1503
1504
1504
1505
1504
1505
1505
1506
1508
1509
1509
1510
1509
1520
1520
1521
1519
1520
1520
1524
1523
1524
1524
1603
1600
1601
1601
1602
1601
1602
1602
1603
1601
1602
1602
1608
1607
1608
1608
1609
1616
1617
1617
1618
1617
1618
1621
1622
1620
1699
1699
1702
1701
1702
1702
1703
1580
1581
1581
1582
1581
1582
1582
1583
1581
1582
1582
1583
1582
1583
1583
1584
1581
1582
1582
1583
1660
1661
1661
1662
1660
1661
1661
1682
1681
1682
1682
1683
1680
1681
1681
1682
1681
1682
1682
1683
1681
1682
1682
1683
1682
1683
1683
1762
1759
1760
1760
1761
1760
1761
1781
1782
1780
1781
1781
1784
1783
1784
1784
1785
1779
1780
1780
1781
1780
1781
1781
1782
1780
1859
1859
1860
1859
1860
1860
1861
1878
1879
1879
1880
1879
1880
1880
1881
1879
1880
1880
1884
