2
2652 :  2145598717320425564049692314408758521201467959509591614848712100045833537017964999649830110999708159603326400856764913754891036432967140605226232287649072045112328241720817255785027482965240273913253209187141185992882004702768248501971641249407611818413720086078330200534828914966518683990043143209284924556419852845240209798736919428617780205589519003163394645573165554806640978791372196437849154346448429484318745240577857476861014024178870258839431754978788639524659152108848443211707969783399661162938909645123240098199496948962480778651462885980379795022247234171292952835013341207128286945605473593283126215602595190422150538281344419614315056319550004559453572568478273196810334533734737073428130807949124323064573729681059436380544561787083025549847382892434448064903050951117925812321386496
3
1673 :  1674399732681064959872999369516386356474755455980463514937082172325840878924729359466154647328754772232453188048844682746902221206850685358976862588361556598087952558983276501950163153058894804448614041624281596888724780311959840051069605837026380855217292126069772832761800664224523567946722152648331738899497340224636199658778882617896738241326102745523053636012734290578755448931157213259542576542106199924493225341553050698407364825808345471421765302906724418771796840659695830672038397620008500737785485054932994666228656227527489924899114180440940282090109337554286076461244469024596225959285427103096291968198201833111619542272713607055126027946965368702828604247582923999755703369831872979024209792699402025764019500860360362842007553313246409288656322863261125771878170247709978174933213923
4
1326 :  2145598717320425564049692314408758521201467959509591614848712100045833537017964999649830110999708159603326400856764913754891036432967140605226232287649072045112328241720817255785027482965240273913253209187141185992882004702768248501971641249407611818413720086078330200534828914966518683990043143209284924556419852845240209798736919428617780205589519003163394645573165554806640978791372196437849154346448429484318745240577857476861014024178870258839431754978788639524659152108848443211707969783399661162938909645123240098199496948962480778651462885980379795022247234171292952835013341207128286945605473593283126215602595190422150538281344419614315056319550004559453572568478273196810334533734737073428130807949124323064573729681059436380544561787083025549847382892434448064903050951117925812321386496
5
1142 :  1673959520536041662907533959047433454008827318946177080958296536316677345190018341159813001519201208806813678220391130863104131565693198845856249189660844213018277074847944416808533214899223645572129117915173612898035062225089387484306905718357956845772984221955248594821036324395094500896041657821307223418172609940484679217155576271571125841503210560929242235788417807975061857320518332245962177973725631389600031378209026739600525226603499055994406337597705788875815164424454086424974363152478543683360548962705148822412827154870243680990255267431319161355665199811417268927563325736149344955660682165289926086180769079046076198237587717800304841091974478177309398518781471694030409866408304162520805030358865633608432127268443303897596062884375648122819470187128132465659291483461856842041015625
6
1026 :  2416478267143008026645108303613248621329915638688423010901847651377531541652192200288967471010527561983077330935818568074165130483520426834952728256998242953167307350368802523939941047775235798775611760718411416900200359387052392403111809765543117060915232137257326936094062317220954112695793323903898299739877565384444170155428648012358516688185320992301625035041309894446912393898334288287030380286232507097468476640733757210299055127750441659698957936182554293443858569901659193090068140738611938709592224934771688942063829115331021296648686728343617195215605362798174217260464468631025644531957132795388625740578350774202314276263310256341909813527078255172846600381118592318324158190225731726215460999026481442853656053970454498961511527569214352605410480020507908619663639263076474256680288256
7
945 :  4146176764369496945583677745040602760198371478361490639159525782783357832096473811908551352734581692935008396712576526807749362121049466788585383542713707042250499083799477556193253566465062708440432663117846780137259558522632305933139512183219569748266247643362848573108979934121373642063365303595224367181466687950751299002852414758786675160121689162856511294990591629526238838355693241793822553546037325815300787956468908048033939601644337820480362599047242724351560234420866257640712405394532691205738325506069066756179678406473497975758708859911150255125638181188475467464909006495193291114759042303919321183032475223893828947667925179659144414605005008327772441960357355615775072239628801403272354199060422893610429005814381522786175060559658895133804553174892573779772676467055895471997564807
8
884 :  2145598717320425564049692314408758521201467959509591614848712100045833537017964999649830110999708159603326400856764913754891036432967140605226232287649072045112328241720817255785027482965240273913253209187141185992882004702768248501971641249407611818413720086078330200534828914966518683990043143209284924556419852845240209798736919428617780205589519003163394645573165554806640978791372196437849154346448429484318745240577857476861014024178870258839431754978788639524659152108848443211707969783399661162938909645123240098199496948962480778651462885980379795022247234171292952835013341207128286945605473593283126215602595190422150538281344419614315056319550004559453572568478273196810334533734737073428130807949124323064573729681059436380544561787083025549847382892434448064903050951117925812321386496
9
836 :   558133244227021653290999789838795452158251818660154504979027390775280292974909786488718215776251590744151062682948227582300740402283561786325620862787185532695984186327758833983387717686298268149538013874760532296241593437319946683689868612342126951739097375356590944253933554741507855982240717549443912966499113408212066552926294205965579413775367581841017878670911430192918482977052404419847525514035399974831075113851016899469121608602781823807255100968908139590598946886565276890679465873336166912595161684977664888742885409175829974966371393480313427363369779184762025487081489674865408653095142367698763989399400611037206514090904535685042009315655122900942868082527641333251901123277290993008069930899800675254673166953453454280669184437748803096218774287753708590626056749236659391644404641
10
797 :   100000000000000000000000000000000000000000000000000000000000000000000000000000000000000000000000000000000000000000000000000000000000000000000000000000000000000000000000000000000000000000000000000000000000000000000000000000000000000000000000000000000000000000000000000000000000000000000000000000000000000000000000000000000000000000000000000000000000000000000000000000000000000000000000000000000000000000000000000000000000000000000000000000000000000000000000000000000000000000000000000000000000000000000000000000000000000000000000000000000000000000000000000000000000000000000000000000000000000000000000000000000000000000000000000000000000000000000000000000000000000000000000000000000000000000000000000000000000000000000000000000000000000000000000000000000000000000000000000000000000000000000000000000
11
766 :   509092654950232519733898239746613161378078372821994472618178373290179137042795881805161062776031154899176807921914988530040354104837549741703001867321612518084963589431571518412592930531905252393219195288133460843982370951717040000074192374731240136568014905892564257510245597058545485930999922977616637148945355144897316134848895975614577979340060287232076149527139702488231275735442081524838210389131656540143208018813716081718244871646434897241212683695157035341896557042306350334627833465337367959256772827921870417813898864450004991903251220302556638029836485663852395872169521775043418290027874307514607862908969974792246437249309212383631177573882752556655848157722923282725134914752798137458766579772483306029843553341492109677328810863249882588970694117795454376229717168893942872364617161
12
739 :   327296099117433532801189903492943630446454885489250667676161344020367397229686020041884703039380240661247180618687379726249701519743798684852189076372654440442904142230660312497750079649881531940700160779227679057413885808739447472539000170811501723157027100590401980311557067551820180619194733606870641761438300099380452124055269687019361557344486199919759768192847367603561983201796051948492142225550442119176798832387143375046151669933498920595793940256091288465349036661017000168726947037923027828284308416152467530264453047205927026632780479749329708456980352437725105820980806167663772504678281006120939467912834754643266481008715133447108206504778700947669243655913324559444303877448374415105965619976317982945194202508255229918828869561230657518969660027422876077699956372543167669100085248
13
716 :   383213016029527824598905741810023198658239481150968897426146566478108844570979855099250934530359937032800257347120180102850146045796976716645942486201314808491793364967146183364711329240421265919139650957159089377768150837117120429938278774803549085588030467158191878705051375598658271298462425660882255263719649984649477077402677519456903520912391466047028240093924704761932888161873972035089027555853502084316347492948441815551223102175966339359450623835866103407323577702480065289507837498578440803513795148563470137744574650607795280654006032079026169871525027808775061673687008310912385362622910351744155675141750256708068406463535878188634848704517521788684068168886287355153990992106831794464438749002993239383790461843165011037810214619942549200824893238159956209668949988580538673235057841
14
696 :   507122444313015437340362765010368333547196996227939933950542713716220893290384076882723896865806915538973831901585049593147821116929170978721450374646352399830861600277338130514789882240752064596462073205056854092275000242381837743593555877646697374422105106033964415147851002096674317501706211011976512060770639209170087550334313893299491437114860361818221813336918438023881773233759009144612890884027643637685908696271576290759818169832671502048988663498487983115270014805415905826508084263968893878774888882039330465302345851944120092627690596902187648763146523607471982198024922980082362714449038514836196872820416979561029121299630793056629338319157080522962085359671271959168876971566225466277588094922958270813364259267876136319637086115886732891917963811245058762651537892763682900526759936
15
678 :   245399480919498356967818822442240150371528870637110656168978883282343263050433696026905674929948273861155795098634908843107381798134180861907490972906985716655311123952958260201094178220104605055481309583130382600305980300974384353775952089419654949091848371179594879151785279531624953470138573175681083985189079681316949829661897387454250096123476602615561745246582257967763253073620679435813411605955025103003835766032966041798238621610363195250514668976770362970089129428659778754879838417263194454103176817625952953106349643728848687263910587576327574140263922246929084483496409808076756642690907175071839805695287455312023702813430009119927461924254369859613162478699882882570777681459746317918360137515384985409788666306271083202757798320714342725349689511293860277874046005308628082275390625
16
663 :  2145598717320425564049692314408758521201467959509591614848712100045833537017964999649830110999708159603326400856764913754891036432967140605226232287649072045112328241720817255785027482965240273913253209187141185992882004702768248501971641249407611818413720086078330200534828914966518683990043143209284924556419852845240209798736919428617780205589519003163394645573165554806640978791372196437849154346448429484318745240577857476861014024178870258839431754978788639524659152108848443211707969783399661162938909645123240098199496948962480778651462885980379795022247234171292952835013341207128286945605473593283126215602595190422150538281344419614315056319550004559453572568478273196810334533734737073428130807949124323064573729681059436380544561787083025549847382892434448064903050951117925812321386496
17
649 :  3642084138202259480628507349206918341919975720335851643137406643642694022596434496227297674555848897244192949123882422497796112036002261708228879235563096679055688278655143424596357473453795685313580638793743478682890917802133396440583330373284450610560017620335996925864815370840774975729036794117275860531235440846554528574327706074381229995396429708039665948894657374817147779274139425933689967203996590076130872434257983879276563367581392574468230277707249315000613950248100244873368920132180475259433378405992249470920874602442428113092341103152614906423879500664789562307360564450219336211986562488585702927698048752494989240404801530424426946070419715871644821292958139004828062193186963868474859283503902309089067488475287326536940577654392471947759350064138779248356694333077782655424842897
18
636 :  2255865724792661522366091364224524488034753618206871626484623781053463586551522277327167556837424488810276591754912744594287343360025749771341672963517224993284337486596204645107612227154799839819392984179103641339013050626988707265779938655984563600821532914560536089992568611521892031699285727694573050456534668626304732759098969541772318248612279937961130273434874213604056215790030917061207631268005832463406292826105736916103658214410420828684014213089511627295377000647524259761296453682577546759573472338291140470022731004702025813000258401848809177994378111691139857787584697098771656560400413331957997909694746244638539525494296742822820634781458958848719850856065275399882432337720089079736414920047631130229297666248460018895473432903383619992940840293194035324717102101077077671884619776
19
624 :   875481542786786705863647118265059383131674750418223273883318243095755671267752203057081836827153266181193584982025140325926362654022552659857914128419583133520764468223280119264363551099033371620378477378370835290065590409253051311186487691895408357859941676521882635157178566056236792692894602750458212544450187517605388907474457322509348976376352823366728557285139059062341491332886157457912671304407982756816205550555359497867645183566703129554411078366547974000783791834699378097505663210127419471409502657148522711795523539381838470608971170315552172950639329570920843579570865192369471432280127296852987608372224501845787583882994551957209828931016155926536587432916091811908311848509291996172204769663417895662696292497856289086554896374426170294017189424934878592209866306684466515720105921
20
613 :   339928315402730943161336452193579921490939595345300430847644248448258278310945435353064001449746742828089170871197760649821810776097732633222092786410615905244052013334651660180306001920000000000000000000000000000000000000000000000000000000000000000000000000000000000000000000000000000000000000000000000000000000000000000000000000000000000000000000000000000000000000000000000000000000000000000000000000000000000000000000000000000000000000000000000000000000000000000000000000000000000000000000000000000000000000000000000000000000000000000000000000000000000000000000000000000000000000000000000000000000000000000000000000000000000000000000000000000000000000000000000000000000000000000000000000000000000000000000000000000000000000000000000000000000000000000000000000000000000000000000000000000000000000
21
604 :  4173054141227193771596116376703622075223122234004254611826251267436899680400112282771880133774123239931442177500132970177008288096704181286867014832540274580410708574251571602587304778861812081906229674219561965552325456635242366918561704659932515800435236492150389004319024825967617779040481234713659424024066525589904593698981496519263835124697164388183567688761626087963427011258010877707821708091555035181236065550820969343615526947378418646207684365093858772261557476111235008757331808927642351824946543640600107982607254405986528470358229494487861085865541324013313980354397110756824237077043691915193278474048424027462169627167802543243569532610899709593398090615998636189378625547120999772931318160151812310546994925580220620254121571292389350061707809798184013438268355465767867633317846481
22
594 :   250652712264182395178989183962527709594975123301332348106817447479904761402089281443637289076465695879135675294768359369893749981320408833667276012870708728353216970429472690110571522614095890712672078616502947758410861413921689518410550678884165762470811747616125044458051238121770826854098562400033946626192062051597262002898716069658007156006830665499335175217678155344235832517760773372252316575570969029396261685143153811990425992444350939885245277579448971443122778697744451744080984850039791585799469595935307856118675395410850344943831628090333525319121347890029734005637520305003254808136752514840330275919476134457863143451612373810480834824741231150877422781367158229739083898035315530958554430766693951823382977107625967843757238204959380606917344089823473748696140303946496568610258944
23
586 :   938667770169083295105516669033607837892458547198099392711601603580298991334242633303327608858362245967249326531616717980604172720670704900803187166147305619798434495219644907935344169034049983945379184395912868189257344534165532663974833020090662261042099501438649668358445603801011384570729107667871387631654494839811668462963182923780191120582288680959176351521939771515642496705408085088360996137283243948706766492077011608609791789088290880926795507166888429094189490740810396534331892172333867825838602618118993252341202617058337474805186927500553289886006715684665712735875194618522150749415835318794411625127593966161249837065332974227236233718593691349782851559978626077530612170493543745596718598862895888671545728723212812671777823099464862117949513783809447156115499322232652784525547089
24
578 :   578226124397009120141860719972857828513211317216547725179835524568420836192259217508639334637754109037425043953386359951363715754763542471494190064311638798998190164405454846288166989745807264093341240835621952147767539056110352809423004248400014204478912177347778692434273420692914757348633706922524998480264651574550624105620419293289780534873479770755323470503211629420916831960930118720002163243824847173944703542007074376788664830029136365534376186504899479960331739035980025225625225506604980456449886508991031529990074203570189441644457915267610883389780315875913793580472711643886093265014692811193702077598461726210183028474594786122648252585190919636451343311550598426080206551863084651584560888902403805240973805248263999605712769393231382746193933926266723631604126837246645865782706176
25
571 :  1673959520536041662907533959047433454008827318946177080958296536316677345190018341159813001519201208806813678220391130863104131565693198845856249189660844213018277074847944416808533214899223645572129117915173612898035062225089387484306905718357956845772984221955248594821036324395094500896041657821307223418172609940484679217155576271571125841503210560929242235788417807975061857320518332245962177973725631389600031378209026739600525226603499055994406337597705788875815164424454086424974363152478543683360548962705148822412827154870243680990255267431319161355665199811417268927563325736149344955660682165289926086180769079046076198237587717800304841091974478177309398518781471694030409866408304162520805030358865633608432127268443303897596062884375648122819470187128132465659291483461856842041015625
26
564 :  1109093743849463181483828954280092344009969859413961823014828356519183660854957802266781229196924366716408259970242751834632626457007689600897638043421021304397033960612180838867537150518133185655769552722011695444642565686627925202241981471379210886845376914725113167197341942887556086107737636106561262083200764552112732049479549370392355921937917080787956678473229872182227112742724842422590239196634786286111719854543191154529985288575025486038490450045483261744200084222382316356748253059716166483984347617873532179985962543914249792477159810222873862928470136011540970914869205960196503589907704342855405422098807274485581906878620936760272706552513235421321587682820222217802606580826923115113852285461201175482040363052793907799337304204035934193812810108815440016115831706397057274899070976
27
558 :  5023199198043194879618998108549159069424266367941390544811246516977522636774188078398463941986264316697359564146534048240706663620552056076930587765084669794263857676949829505850489459176684413345842124872844790666174340935879520153208817511079142565651876378209318498285401992673570703840166457944995216698492020673908598976336647853690214723978308236569160908038202871736266346793471639778627729626318599773479676024659152095222094477425036414265295908720173256315390521979087492016115192860025502213356455164798983998685968682582469774697342541322820846270328012662858229383733407073788677877856281309288875904594605499334858626818140821165378083840896106108485812742748771999267110109495618937072629378098206077292058502581081088526022659939739227865968968589783377315634510743129934524799641769
28
552 :  6780056311603892478454218459313708259603948023792217519796665152918482658797575579788728446254112197759739492884746297557406190357269114956632369322260059012458745498692481058640101365509619507117217842669676098432145412818735912607498103100617316348315948304947404794019591055013689475745001440960679082973065159729600569870313673870887260673202886565055766543895925943481547168861877101402113045834428148624882245929872753505733524097882212559152294957835195454317981864533388814226361689209070684625624449769577159362292050638156342522454662800712346926816258655552032977903244238683315465779042696545717471802579430394727837425884120570536825126407804086507816848730545681088644914453915322576630359366042031854543872140740156589835182313430414335760516622914669616515191184000700084385759625216
29
546 :  2946502764026118999988072970800728130026774688748329306262684619469642121827626736621431026958340101568135130863005798897845892057275122226389541111766141395434563614490661586674649249990500976102807399469634178073082124830294940894546277552926756232047492038584573331826825114137979445914336434212428577841783329645537860753953402415507645416102874117790334410688739189839166391683505627317128279215875121475793592080755344834967682186093863461387829359904568580679708365272290953378201598798305417781395105928395848410436434840632068025823102920685663420825563969836016253920708879561711781713139589399223590200220410091433543280400873871876938636557935595950118332156517706785262474407739378438229263629021982649947798996872231935756182991950389631312543501311282402301790486165866714407794930121
30
540 :   442056263647878957821127900999836335570310425269827198115045189473082344227760158933673525668975338961157901412814000000200735271965446265605343097209584105500993427737744352059172709996940408510529307001071273723660057559928705727376060827503888138602538801000000000000000000000000000000000000000000000000000000000000000000000000000000000000000000000000000000000000000000000000000000000000000000000000000000000000000000000000000000000000000000000000000000000000000000000000000000000000000000000000000000000000000000000000000000000000000000000000000000000000000000000000000000000000000000000000000000000000000000000000000000000000000000000000000000000000000000000000000000000000000000000000000000000000000000000000000000000000000000000000000000000000000000000000000000000000000000000000000000000000
2
2652 :  2145598717320425564049692314408758521201467959509591614848712100045833537017964999649830110999708159603326400856764913754891036432967140605226232287649072045112328241720817255785027482965240273913253209187141185992882004702768248501971641249407611818413720086078330200534828914966518683990043143209284924556419852845240209798736919428617780205589519003163394645573165554806640978791372196437849154346448429484318745240577857476861014024178870258839431754978788639524659152108848443211707969783399661162938909645123240098199496948962480778651462885980379795022247234171292952835013341207128286945605473593283126215602595190422150538281344419614315056319550004559453572568478273196810334533734737073428130807949124323064573729681059436380544561787083025549847382892434448064903050951117925812321386496
3
1673 :  1674399732681064959872999369516386356474755455980463514937082172325840878924729359466154647328754772232453188048844682746902221206850685358976862588361556598087952558983276501950163153058894804448614041624281596888724780311959840051069605837026380855217292126069772832761800664224523567946722152648331738899497340224636199658778882617896738241326102745523053636012734290578755448931157213259542576542106199924493225341553050698407364825808345471421765302906724418771796840659695830672038397620008500737785485054932994666228656227527489924899114180440940282090109337554286076461244469024596225959285427103096291968198201833111619542272713607055126027946965368702828604247582923999755703369831872979024209792699402025764019500860360362842007553313246409288656322863261125771878170247709978174933213923
4
1326 :  2145598717320425564049692314408758521201467959509591614848712100045833537017964999649830110999708159603326400856764913754891036432967140605226232287649072045112328241720817255785027482965240273913253209187141185992882004702768248501971641249407611818413720086078330200534828914966518683990043143209284924556419852845240209798736919428617780205589519003163394645573165554806640978791372196437849154346448429484318745240577857476861014024178870258839431754978788639524659152108848443211707969783399661162938909645123240098199496948962480778651462885980379795022247234171292952835013341207128286945605473593283126215602595190422150538281344419614315056319550004559453572568478273196810334533734737073428130807949124323064573729681059436380544561787083025549847382892434448064903050951117925812321386496
5
1142 :  1673959520536041662907533959047433454008827318946177080958296536316677345190018341159813001519201208806813678220391130863104131565693198845856249189660844213018277074847944416808533214899223645572129117915173612898035062225089387484306905718357956845772984221955248594821036324395094500896041657821307223418172609940484679217155576271571125841503210560929242235788417807975061857320518332245962177973725631389600031378209026739600525226603499055994406337597705788875815164424454086424974363152478543683360548962705148822412827154870243680990255267431319161355665199811417268927563325736149344955660682165289926086180769079046076198237587717800304841091974478177309398518781471694030409866408304162520805030358865633608432127268443303897596062884375648122819470187128132465659291483461856842041015625
6
1026 :  2416478267143008026645108303613248621329915638688423010901847651377531541652192200288967471010527561983077330935818568074165130483520426834952728256998242953167307350368802523939941047775235798775611760718411416900200359387052392403111809765543117060915232137257326936094062317220954112695793323903898299739877565384444170155428648012358516688185320992301625035041309894446912393898334288287030380286232507097468476640733757210299055127750441659698957936182554293443858569901659193090068140738611938709592224934771688942063829115331021296648686728343617195215605362798174217260464468631025644531957132795388625740578350774202314276263310256341909813527078255172846600381118592318324158190225731726215460999026481442853656053970454498961511527569214352605410480020507908619663639263076474256680288256
7
945 :  4146176764369496945583677745040602760198371478361490639159525782783357832096473811908551352734581692935008396712576526807749362121049466788585383542713707042250499083799477556193253566465062708440432663117846780137259558522632305933139512183219569748266247643362848573108979934121373642063365303595224367181466687950751299002852414758786675160121689162856511294990591629526238838355693241793822553546037325815300787956468908048033939601644337820480362599047242724351560234420866257640712405394532691205738325506069066756179678406473497975758708859911150255125638181188475467464909006495193291114759042303919321183032475223893828947667925179659144414605005008327772441960357355615775072239628801403272354199060422893610429005814381522786175060559658895133804553174892573779772676467055895471997564807
8
884 :  2145598717320425564049692314408758521201467959509591614848712100045833537017964999649830110999708159603326400856764913754891036432967140605226232287649072045112328241720817255785027482965240273913253209187141185992882004702768248501971641249407611818413720086078330200534828914966518683990043143209284924556419852845240209798736919428617780205589519003163394645573165554806640978791372196437849154346448429484318745240577857476861014024178870258839431754978788639524659152108848443211707969783399661162938909645123240098199496948962480778651462885980379795022247234171292952835013341207128286945605473593283126215602595190422150538281344419614315056319550004559453572568478273196810334533734737073428130807949124323064573729681059436380544561787083025549847382892434448064903050951117925812321386496
9
836 :   558133244227021653290999789838795452158251818660154504979027390775280292974909786488718215776251590744151062682948227582300740402283561786325620862787185532695984186327758833983387717686298268149538013874760532296241593437319946683689868612342126951739097375356590944253933554741507855982240717549443912966499113408212066552926294205965579413775367581841017878670911430192918482977052404419847525514035399974831075113851016899469121608602781823807255100968908139590598946886565276890679465873336166912595161684977664888742885409175829974966371393480313427363369779184762025487081489674865408653095142367698763989399400611037206514090904535685042009315655122900942868082527641333251901123277290993008069930899800675254673166953453454280669184437748803096218774287753708590626056749236659391644404641
10
797 :   100000000000000000000000000000000000000000000000000000000000000000000000000000000000000000000000000000000000000000000000000000000000000000000000000000000000000000000000000000000000000000000000000000000000000000000000000000000000000000000000000000000000000000000000000000000000000000000000000000000000000000000000000000000000000000000000000000000000000000000000000000000000000000000000000000000000000000000000000000000000000000000000000000000000000000000000000000000000000000000000000000000000000000000000000000000000000000000000000000000000000000000000000000000000000000000000000000000000000000000000000000000000000000000000000000000000000000000000000000000000000000000000000000000000000000000000000000000000000000000000000000000000000000000000000000000000000000000000000000000000000000000000000000
11
766 :   509092654950232519733898239746613161378078372821994472618178373290179137042795881805161062776031154899176807921914988530040354104837549741703001867321612518084963589431571518412592930531905252393219195288133460843982370951717040000074192374731240136568014905892564257510245597058545485930999922977616637148945355144897316134848895975614577979340060287232076149527139702488231275735442081524838210389131656540143208018813716081718244871646434897241212683695157035341896557042306350334627833465337367959256772827921870417813898864450004991903251220302556638029836485663852395872169521775043418290027874307514607862908969974792246437249309212383631177573882752556655848157722923282725134914752798137458766579772483306029843553341492109677328810863249882588970694117795454376229717168893942872364617161
12
739 :   327296099117433532801189903492943630446454885489250667676161344020367397229686020041884703039380240661247180618687379726249701519743798684852189076372654440442904142230660312497750079649881531940700160779227679057413885808739447472539000170811501723157027100590401980311557067551820180619194733606870641761438300099380452124055269687019361557344486199919759768192847367603561983201796051948492142225550442119176798832387143375046151669933498920595793940256091288465349036661017000168726947037923027828284308416152467530264453047205927026632780479749329708456980352437725105820980806167663772504678281006120939467912834754643266481008715133447108206504778700947669243655913324559444303877448374415105965619976317982945194202508255229918828869561230657518969660027422876077699956372543167669100085248
13
716 :   383213016029527824598905741810023198658239481150968897426146566478108844570979855099250934530359937032800257347120180102850146045796976716645942486201314808491793364967146183364711329240421265919139650957159089377768150837117120429938278774803549085588030467158191878705051375598658271298462425660882255263719649984649477077402677519456903520912391466047028240093924704761932888161873972035089027555853502084316347492948441815551223102175966339359450623835866103407323577702480065289507837498578440803513795148563470137744574650607795280654006032079026169871525027808775061673687008310912385362622910351744155675141750256708068406463535878188634848704517521788684068168886287355153990992106831794464438749002993239383790461843165011037810214619942549200824893238159956209668949988580538673235057841
14
696 :   507122444313015437340362765010368333547196996227939933950542713716220893290384076882723896865806915538973831901585049593147821116929170978721450374646352399830861600277338130514789882240752064596462073205056854092275000242381837743593555877646697374422105106033964415147851002096674317501706211011976512060770639209170087550334313893299491437114860361818221813336918438023881773233759009144612890884027643637685908696271576290759818169832671502048988663498487983115270014805415905826508084263968893878774888882039330465302345851944120092627690596902187648763146523607471982198024922980082362714449038514836196872820416979561029121299630793056629338319157080522962085359671271959168876971566225466277588094922958270813364259267876136319637086115886732891917963811245058762651537892763682900526759936
15
678 :   245399480919498356967818822442240150371528870637110656168978883282343263050433696026905674929948273861155795098634908843107381798134180861907490972906985716655311123952958260201094178220104605055481309583130382600305980300974384353775952089419654949091848371179594879151785279531624953470138573175681083985189079681316949829661897387454250096123476602615561745246582257967763253073620679435813411605955025103003835766032966041798238621610363195250514668976770362970089129428659778754879838417263194454103176817625952953106349643728848687263910587576327574140263922246929084483496409808076756642690907175071839805695287455312023702813430009119927461924254369859613162478699882882570777681459746317918360137515384985409788666306271083202757798320714342725349689511293860277874046005308628082275390625
16
663 :  2145598717320425564049692314408758521201467959509591614848712100045833537017964999649830110999708159603326400856764913754891036432967140605226232287649072045112328241720817255785027482965240273913253209187141185992882004702768248501971641249407611818413720086078330200534828914966518683990043143209284924556419852845240209798736919428617780205589519003163394645573165554806640978791372196437849154346448429484318745240577857476861014024178870258839431754978788639524659152108848443211707969783399661162938909645123240098199496948962480778651462885980379795022247234171292952835013341207128286945605473593283126215602595190422150538281344419614315056319550004559453572568478273196810334533734737073428130807949124323064573729681059436380544561787083025549847382892434448064903050951117925812321386496
17
649 :  3642084138202259480628507349206918341919975720335851643137406643642694022596434496227297674555848897244192949123882422497796112036002261708228879235563096679055688278655143424596357473453795685313580638793743478682890917802133396440583330373284450610560017620335996925864815370840774975729036794117275860531235440846554528574327706074381229995396429708039665948894657374817147779274139425933689967203996590076130872434257983879276563367581392574468230277707249315000613950248100244873368920132180475259433378405992249470920874602442428113092341103152614906423879500664789562307360564450219336211986562488585702927698048752494989240404801530424426946070419715871644821292958139004828062193186963868474859283503902309089067488475287326536940577654392471947759350064138779248356694333077782655424842897
18
636 :  2255865724792661522366091364224524488034753618206871626484623781053463586551522277327167556837424488810276591754912744594287343360025749771341672963517224993284337486596204645107612227154799839819392984179103641339013050626988707265779938655984563600821532914560536089992568611521892031699285727694573050456534668626304732759098969541772318248612279937961130273434874213604056215790030917061207631268005832463406292826105736916103658214410420828684014213089511627295377000647524259761296453682577546759573472338291140470022731004702025813000258401848809177994378111691139857787584697098771656560400413331957997909694746244638539525494296742822820634781458958848719850856065275399882432337720089079736414920047631130229297666248460018895473432903383619992940840293194035324717102101077077671884619776
19
624 :   875481542786786705863647118265059383131674750418223273883318243095755671267752203057081836827153266181193584982025140325926362654022552659857914128419583133520764468223280119264363551099033371620378477378370835290065590409253051311186487691895408357859941676521882635157178566056236792692894602750458212544450187517605388907474457322509348976376352823366728557285139059062341491332886157457912671304407982756816205550555359497867645183566703129554411078366547974000783791834699378097505663210127419471409502657148522711795523539381838470608971170315552172950639329570920843579570865192369471432280127296852987608372224501845787583882994551957209828931016155926536587432916091811908311848509291996172204769663417895662696292497856289086554896374426170294017189424934878592209866306684466515720105921
20
613 :   339928315402730943161336452193579921490939595345300430847644248448258278310945435353064001449746742828089170871197760649821810776097732633222092786410615905244052013334651660180306001920000000000000000000000000000000000000000000000000000000000000000000000000000000000000000000000000000000000000000000000000000000000000000000000000000000000000000000000000000000000000000000000000000000000000000000000000000000000000000000000000000000000000000000000000000000000000000000000000000000000000000000000000000000000000000000000000000000000000000000000000000000000000000000000000000000000000000000000000000000000000000000000000000000000000000000000000000000000000000000000000000000000000000000000000000000000000000000000000000000000000000000000000000000000000000000000000000000000000000000000000000000000000
21
604 :  4173054141227193771596116376703622075223122234004254611826251267436899680400112282771880133774123239931442177500132970177008288096704181286867014832540274580410708574251571602587304778861812081906229674219561965552325456635242366918561704659932515800435236492150389004319024825967617779040481234713659424024066525589904593698981496519263835124697164388183567688761626087963427011258010877707821708091555035181236065550820969343615526947378418646207684365093858772261557476111235008757331808927642351824946543640600107982607254405986528470358229494487861085865541324013313980354397110756824237077043691915193278474048424027462169627167802543243569532610899709593398090615998636189378625547120999772931318160151812310546994925580220620254121571292389350061707809798184013438268355465767867633317846481
22
594 :   250652712264182395178989183962527709594975123301332348106817447479904761402089281443637289076465695879135675294768359369893749981320408833667276012870708728353216970429472690110571522614095890712672078616502947758410861413921689518410550678884165762470811747616125044458051238121770826854098562400033946626192062051597262002898716069658007156006830665499335175217678155344235832517760773372252316575570969029396261685143153811990425992444350939885245277579448971443122778697744451744080984850039791585799469595935307856118675395410850344943831628090333525319121347890029734005637520305003254808136752514840330275919476134457863143451612373810480834824741231150877422781367158229739083898035315530958554430766693951823382977107625967843757238204959380606917344089823473748696140303946496568610258944
23
586 :   938667770169083295105516669033607837892458547198099392711601603580298991334242633303327608858362245967249326531616717980604172720670704900803187166147305619798434495219644907935344169034049983945379184395912868189257344534165532663974833020090662261042099501438649668358445603801011384570729107667871387631654494839811668462963182923780191120582288680959176351521939771515642496705408085088360996137283243948706766492077011608609791789088290880926795507166888429094189490740810396534331892172333867825838602618118993252341202617058337474805186927500553289886006715684665712735875194618522150749415835318794411625127593966161249837065332974227236233718593691349782851559978626077530612170493543745596718598862895888671545728723212812671777823099464862117949513783809447156115499322232652784525547089
24
578 :   578226124397009120141860719972857828513211317216547725179835524568420836192259217508639334637754109037425043953386359951363715754763542471494190064311638798998190164405454846288166989745807264093341240835621952147767539056110352809423004248400014204478912177347778692434273420692914757348633706922524998480264651574550624105620419293289780534873479770755323470503211629420916831960930118720002163243824847173944703542007074376788664830029136365534376186504899479960331739035980025225625225506604980456449886508991031529990074203570189441644457915267610883389780315875913793580472711643886093265014692811193702077598461726210183028474594786122648252585190919636451343311550598426080206551863084651584560888902403805240973805248263999605712769393231382746193933926266723631604126837246645865782706176
25
571 :  1673959520536041662907533959047433454008827318946177080958296536316677345190018341159813001519201208806813678220391130863104131565693198845856249189660844213018277074847944416808533214899223645572129117915173612898035062225089387484306905718357956845772984221955248594821036324395094500896041657821307223418172609940484679217155576271571125841503210560929242235788417807975061857320518332245962177973725631389600031378209026739600525226603499055994406337597705788875815164424454086424974363152478543683360548962705148822412827154870243680990255267431319161355665199811417268927563325736149344955660682165289926086180769079046076198237587717800304841091974478177309398518781471694030409866408304162520805030358865633608432127268443303897596062884375648122819470187128132465659291483461856842041015625
26
564 :  1109093743849463181483828954280092344009969859413961823014828356519183660854957802266781229196924366716408259970242751834632626457007689600897638043421021304397033960612180838867537150518133185655769552722011695444642565686627925202241981471379210886845376914725113167197341942887556086107737636106561262083200764552112732049479549370392355921937917080787956678473229872182227112742724842422590239196634786286111719854543191154529985288575025486038490450045483261744200084222382316356748253059716166483984347617873532179985962543914249792477159810222873862928470136011540970914869205960196503589907704342855405422098807274485581906878620936760272706552513235421321587682820222217802606580826923115113852285461201175482040363052793907799337304204035934193812810108815440016115831706397057274899070976
27
558 :  5023199198043194879618998108549159069424266367941390544811246516977522636774188078398463941986264316697359564146534048240706663620552056076930587765084669794263857676949829505850489459176684413345842124872844790666174340935879520153208817511079142565651876378209318498285401992673570703840166457944995216698492020673908598976336647853690214723978308236569160908038202871736266346793471639778627729626318599773479676024659152095222094477425036414265295908720173256315390521979087492016115192860025502213356455164798983998685968682582469774697342541322820846270328012662858229383733407073788677877856281309288875904594605499334858626818140821165378083840896106108485812742748771999267110109495618937072629378098206077292058502581081088526022659939739227865968968589783377315634510743129934524799641769
28
552 :  6780056311603892478454218459313708259603948023792217519796665152918482658797575579788728446254112197759739492884746297557406190357269114956632369322260059012458745498692481058640101365509619507117217842669676098432145412818735912607498103100617316348315948304947404794019591055013689475745001440960679082973065159729600569870313673870887260673202886565055766543895925943481547168861877101402113045834428148624882245929872753505733524097882212559152294957835195454317981864533388814226361689209070684625624449769577159362292050638156342522454662800712346926816258655552032977903244238683315465779042696545717471802579430394727837425884120570536825126407804086507816848730545681088644914453915322576630359366042031854543872140740156589835182313430414335760516622914669616515191184000700084385759625216
29
546 :  2946502764026118999988072970800728130026774688748329306262684619469642121827626736621431026958340101568135130863005798897845892057275122226389541111766141395434563614490661586674649249990500976102807399469634178073082124830294940894546277552926756232047492038584573331826825114137979445914336434212428577841783329645537860753953402415507645416102874117790334410688739189839166391683505627317128279215875121475793592080755344834967682186093863461387829359904568580679708365272290953378201598798305417781395105928395848410436434840632068025823102920685663420825563969836016253920708879561711781713139589399223590200220410091433543280400873871876938636557935595950118332156517706785262474407739378438229263629021982649947798996872231935756182991950389631312543501311282402301790486165866714407794930121
30
540 :   442056263647878957821127900999836335570310425269827198115045189473082344227760158933673525668975338961157901412814000000200735271965446265605343097209584105500993427737744352059172709996940408510529307001071273723660057559928705727376060827503888138602538801000000000000000000000000000000000000000000000000000000000000000000000000000000000000000000000000000000000000000000000000000000000000000000000000000000000000000000000000000000000000000000000000000000000000000000000000000000000000000000000000000000000000000000000000000000000000000000000000000000000000000000000000000000000000000000000000000000000000000000000000000000000000000000000000000000000000000000000000000000000000000000000000000000000000000000000000000000000000000000000000000000000000000000000000000000000000000000000000000000000000
2
2651 :  1072799358660212782024846157204379260600733979754795807424356050022916768508982499824915055499854079801663200428382456877445518216483570302613116143824536022556164120860408627892513741482620136956626604593570592996441002351384124250985820624703805909206860043039165100267414457483259341995021571604642462278209926422620104899368459714308890102794759501581697322786582777403320489395686098218924577173224214742159372620288928738430507012089435129419715877489394319762329576054424221605853984891699830581469454822561620049099748474481240389325731442990189897511123617085646476417506670603564143472802736796641563107801297595211075269140672209807157528159775002279726786284239136598405167266867368536714065403974562161532286864840529718190272280893541512774923691446217224032451525475558962906160693248
123
1 :      123
123
2 :    15129
123
3 :  1860867
123
4 :        228886641
123
5 :      28153056843
123
6 :    3462825991689
123
7 :  425927596977747
123
8 :        52389094428262881
123
9 :      6443858614676334363
123
10 :    792594609605189126649
123
11 :  97489136981438262577827
123
12 :       11991163848716906297072721
123
13 :     1474913153392179474539944683
123
14 :   181414317867238075368413196009
123
15 : 22313961097670283270314823109107
123
16 :       2744617215013444842248723242420161
123
17 :     337587917446653715596592958817679803
123
18 :   41523313845938407018380933934574615769
123
19 : 5107367603050424063260854873952677739587
