1 1 2 2631
N0[] = 100 :        1 02310119 50113418 40767713 69667470 86149222 69801859 66091864 04762745 12211578 85454416 25832701 25865797 11895147 62882503 34221723 02772351 88327506 09028926 98652700 04487573 28148708 73320378 54325690 10372292 47725162 94418054 51389733 31675661 48035535 67715286 92608443 18455315 04668393 23069325 87218124 95557780 28638039 07799361 02113653 58602533 80769428 82265385 52294043 99485603 15797159 94509008 15995411 77173315 14188663 91917927 01925985 48829328 56454169 63987833 98827498 92515370 52037705 79750038 36913834 13719388 58590506 06648443 51369351 82077652 13203898 42747187 11971320 08797945 43256940 74393379 55637794 93786256 31968555 79034266 21248947 90329128 56176388 71760569 64423097 67458055 56447532 80618190 98279254 78252638 94710388 67638271 97426354 13557567 97547933 21163451 06586506 81669142 45873349 70618512 62318529 56979011 56659271 76242437 00891648 

1 1 3 1660
N0[] = 100 :        1 05022616 66431864 55864338 26114055 07895669 54410104 14045017 04373406 93097244 99033718 98079339 30156407 93755873 38249832 96786627 86789201 86503521 30011837 36818797 48320057 80860580 49498247 85587067 73279194 02066835 99397873 56068202 47861440 86487186 53375656 64321524 25934344 08253392 08727579 08304807 26658240 97259629 84487703 55503458 34855057 57984918 25444340 16083398 79075604 64882985 45071123 64174357 69872953 73224844 81353791 58551889 73202126 64265965 54404198 41262300 39154059 53061523 11948003 74810127 30604670 86784697 80715755 21859614 07133619 28509255 83245194 05885126 47055296 70236796 61027916 50986370 30310960 35399917 36907928 69001718 66246443 91181700 33194723 79156687 36596079 05754372 19871090 65746580 86377467 37894376 21506870 51414913 42984438 70529384 73423528 04347698 70113157 79521033 84722499 05799031 08254177 96260743 29026865 81185201 

1 1 4 1316
N0[] = 100 :        2 04620239 00226836 81535427 39334941 72298445 39603719 32183728 09525490 24423157 70908832 51665402 51731594 23790295 25765006 68443446 05544703 76655012 18057853 97305400 08975146 56297417 46640757 08651380 20744584 95450325 88836109 02779466 63351322 96071071 35430573 85216886 36910630 09336786 46138651 74436249 91115560 57276078 15598722 04227307 17205067 61538857 64530771 04588087 98971206 31594319 89018016 31990823 54346630 28377327 83835854 03851970 97658657 12908339 27975667 97654997 85030741 04075411 59500076 73827668 27438777 17181012 13296887 02738703 64155304 26407796 85494374 23942640 17595890 86513881 48786759 11275589 87572512 63937111 58068532 42497895 80658257 12352777 43521139 28846195 34916111 12895065 61236381 96558509 56505277 89420777 35276543 94852708 27115135 95095866 42326902 13173013 63338284 91746699 41237025 24637059 13958023 13318543 52484874 01783296 

1 1 5 1134
N0[] = 100 :        4 28533637 25722666 57043286 93516142 96422625 97936502 21332725 32391329 70694003 68644695 33691212 83889155 09454544 30162442 01295009 54657680 81745890 45391997 92553176 11853267 89311610 73770702 98450301 42012532 66465054 18628444 49018969 75929622 88319598 25678638 99636952 51788396 08205436 40274185 29904514 41922293 86664402 25464919 50521881 44764077 87959182 75255222 08215424 82190359 78860123 61834958 84161583 54740526 93054966 31756127 37616357 37608032 82151084 53377344 58010495 75833456 80224250 12681952 20868209 26602461 24793436 96703450 71829403 00534452 51809853 76837516 46782382 33350534 84624177 05307050 29115172 28208454 56211388 45423230 86491346 34314221 07806227 68842357 95506748 82245575 68780393 19545466 41339120 60208080 56753671 78492580 05258656 05326087 77186960 22037586 24580721 48579778 45920984 00165919 44178436 79048019 11208778 61976623 53515625 

1 1 6 1018
N0[] = 100 :        1 43870876 86370027 59348034 49336827 50231778 66630639 63608997 64277378 74330526 53236942 27067183 63608424 52202353 23615253 83521039 43111430 44126912 54996813 71039466 33951851 53838954 14340178 94215390 75143246 29892294 47197522 62957842 95897815 47641860 47173738 24916948 92851890 77299410 66058793 33831190 90382977 89097264 13050957 71817823 46943835 38591134 21170290 42155360 82777208 01436182 46153281 13371820 66554697 19762554 67799105 46522001 14102070 99323638 32149166 90943075 18264287 53915289 30082438 12029475 19944554 64229213 14982781 41378500 93410325 43682258 70573461 63112360 00661381 69881459 33071345 19811660 36890134 68820768 02231251 26193804 29537979 26077022 07393953 32878244 98636928 57123183 82718326 99693540 66870712 46780116 65512773 31087418 91924165 94188680 28676588 01414755 18802878 22649682 55503198 67222508 12392778 24196937 82763896 47548416 

1 1 7 938
N0[] = 100 :        5 03456014 36348763 15606686 89435840 35808675 09624101 58381427 50600548 88885986 64122433 42588685 14132937 43366771 18216202 14763294 38701090 41658623 63696107 60180550 01891224 85509317 03330147 09050607 74073373 75271559 96928475 86752919 46932052 40114154 81052213 69080879 59781670 70041089 01794925 09002218 14333997 57548008 44939088 56570559 09740147 02363476 03900205 18073752 27391439 87030786 48059862 02617699 84512883 04532225 09978787 23182414 64111522 58824469 97951460 46004196 23753469 61359694 93119891 92552597 99265196 40226728 34260417 38204001 88636910 16337412 61450108 21960477 56567767 07362153 83425715 25484260 99751275 77917181 63997400 43639545 60225673 84860686 99781181 83136480 78183891 54111460 60983459 06986914 36828869 11262165 43304230 97277741 74797697 15247690 69265878 04864394 63668395 88291758 48607192 80044310 67828363 27887272 00244017 56158449 

1 1 8 877
N0[] = 100 :        1 02310119 50113418 40767713 69667470 86149222 69801859 66091864 04762745 12211578 85454416 25832701 25865797 11895147 62882503 34221723 02772351 88327506 09028926 98652700 04487573 28148708 73320378 54325690 10372292 47725162 94418054 51389733 31675661 48035535 67715286 92608443 18455315 04668393 23069325 87218124 95557780 28638039 07799361 02113653 58602533 80769428 82265385 52294043 99485603 15797159 94509008 15995411 77173315 14188663 91917927 01925985 48829328 56454169 63987833 98827498 92515370 52037705 79750038 36913834 13719388 58590506 06648443 51369351 82077652 13203898 42747187 11971320 08797945 43256940 74393379 55637794 93786256 31968555 79034266 21248947 90329128 56176388 71760569 64423097 67458055 56447532 80618190 98279254 78252638 94710388 67638271 97426354 13557567 97547933 21163451 06586506 81669142 45873349 70618512 62318529 56979011 56659271 76242437 00891648 

1 1 9 830
N0[] = 100 :        1 05022616 66431864 55864338 26114055 07895669 54410104 14045017 04373406 93097244 99033718 98079339 30156407 93755873 38249832 96786627 86789201 86503521 30011837 36818797 48320057 80860580 49498247 85587067 73279194 02066835 99397873 56068202 47861440 86487186 53375656 64321524 25934344 08253392 08727579 08304807 26658240 97259629 84487703 55503458 34855057 57984918 25444340 16083398 79075604 64882985 45071123 64174357 69872953 73224844 81353791 58551889 73202126 64265965 54404198 41262300 39154059 53061523 11948003 74810127 30604670 86784697 80715755 21859614 07133619 28509255 83245194 05885126 47055296 70236796 61027916 50986370 30310960 35399917 36907928 69001718 66246443 91181700 33194723 79156687 36596079 05754372 19871090 65746580 86377467 37894376 21506870 51414913 42984438 70529384 73423528 04347698 70113157 79521033 84722499 05799031 08254177 96260743 29026865 81185201 

1 1 10 792
N0[] = 100 :        1 00000000 00000000 00000000 00000000 00000000 00000000 00000000 00000000 00000000 00000000 00000000 00000000 00000000 00000000 00000000 00000000 00000000 00000000 00000000 00000000 00000000 00000000 00000000 00000000 00000000 00000000 00000000 00000000 00000000 00000000 00000000 00000000 00000000 00000000 00000000 00000000 00000000 00000000 00000000 00000000 00000000 00000000 00000000 00000000 00000000 00000000 00000000 00000000 00000000 00000000 00000000 00000000 00000000 00000000 00000000 00000000 00000000 00000000 00000000 00000000 00000000 00000000 00000000 00000000 00000000 00000000 00000000 00000000 00000000 00000000 00000000 00000000 00000000 00000000 00000000 00000000 00000000 00000000 00000000 00000000 00000000 00000000 00000000 00000000 00000000 00000000 00000000 00000000 00000000 00000000 00000000 00000000 00000000 00000000 00000000 00000000 00000000 00000000 00000000 

1 1 11 761
N0[] = 100 :        3 16106484 87139634 01244936 32294498 73728078 58211510 60516617 82812481 15063781 30403339 19389576 14519817 66582745 09808813 04608664 58670920 91172966 43317966 77649696 38070236 35925461 94384643 74200131 13270034 91576702 58994570 71635583 57881489 11835385 94559330 46823761 76988339 46343482 85642588 74335368 64011592 60062326 60252786 31895208 00800563 88029189 26151433 88106463 20748535 06505079 30493882 36535710 78325760 66913485 92085061 97766795 25869456 76445106 31528179 71727238 51279483 68427983 41541090 64616614 75596862 69956618 37885972 01875534 91023291 92021025 25900891 33259024 72089662 29967877 49240822 15302224 28894400 96318417 79524392 27498583 10420058 15729735 92059609 97719510 78180972 71244373 35926354 10935408 54497785 93912937 60045870 73648331 63883850 31603858 77950733 32883056 98795867 69475900 49041973 64232082 86787752 80022922 65735322 52965611 

1 1 12 734
N0[] = 100 :        1 31532961 64377312 11424535 04168653 40086743 46086874 88211996 91412037 85555705 17331380 22516585 60954299 44967386 50198474 76931127 22520222 37646230 58337308 20944514 54814610 02372004 64696059 08809142 30812483 68658436 52714589 72549406 36979463 83402156 43487054 76587305 15248324 19425162 27941565 82254365 20144592 31422649 36609510 08866625 27078692 50098671 78204649 56901581 98551630 00577772 12274694 41372571 98438287 88881049 11837125 06599308 67733584 26052251 11907438 23114992 81466844 85678112 50678556 35490477 95367959 78301402 96984432 38121641 54295328 76299280 81810407 04542432 89961921 28622241 94820995 83350924 52360713 17517910 74450734 01645612 32526740 71980807 72387165 90503234 59809568 18689744 50544423 92765771 43035917 10294272 56296515 25424443 42353724 59182017 70452330 09624266 66583029 06658151 80787647 47687597 55268116 95320520 01854390 41880064 

1 1 13 711
N0[] = 100 :        1 03210406 88338531 14922462 15740674 66896985 38569676 69440960 68241698 01501360 30299481 83759212 65766820 10442642 40299362 50293172 37369421 39953533 10312724 68428253 37630706 56772325 75400927 22225553 41526142 20882066 44271750 05663365 99622701 51078257 28679977 27818484 48207492 92763913 88662067 79432918 43022352 86532646 96136346 86675078 67007855 54195815 09803462 23473351 87883047 80936457 44445681 64816812 81795977 76428612 72029255 96502181 07087258 02760671 91008780 40301316 30258568 04797924 72818880 86324754 37134729 95587807 33775709 23242597 61198989 33460575 46397725 26763305 70573806 45686900 02200829 27170961 34485901 12662590 16797660 13964471 05586196 25878800 57681421 59536124 71441104 15857149 75643904 35281140 99023914 50244188 28014320 41088290 01472893 10678985 04371993 17477885 39267850 73283417 52349007 60986424 14912094 24812466 16245944 27240037 

1 1 14 692
N0[] = 100 :       13 20081331 51034838 95782037 82305207 03234901 34220843 91748101 16283245 58019921 13661174 72595766 57273191 26246808 18383378 03248468 02949596 33790862 84919053 90062350 06203368 80473691 64229786 52093461 25366112 98578907 75993558 43718112 25120735 72923675 95686111 16975672 69394290 40867461 86869666 29033911 47373534 62648406 85264488 95528925 68643501 53668865 54906796 42433139 47407803 57710676 20050078 15462768 95922506 48543869 45773643 18087195 07259205 20506114 83752034 82488211 94827412 70915724 90584952 28554457 88627286 19606633 34019391 36786101 85552997 00766686 36657953 56414235 28657485 65758737 21270164 83654589 74963505 43843659 10652518 33846275 37578604 93757917 78934845 61436119 40543798 58114804 22628801 86110497 02198856 51705458 34280395 20654578 23792417 02144489 48702734 77894304 81132766 83832670 93744512 48949346 95050467 58255773 35684007 41892096 

1 1 15 674
N0[] = 100 :        4 84739715 39653996 43808766 86305659 55628943 97444683 66728235 02001636 01842233 09498658 81857911 09727373 31083764 53352816 77211715 70136885 20332022 10518340 20557008 82302283 67880552 26192989 81566068 16881087 51568018 92964026 19265303 31458714 83329140 92880778 65985084 62587332 57868540 82275131 41635876 53401879 28045779 12312885 96327499 87786567 56476424 17529960 49572589 58341257 39491264 13001991 04743358 63182630 70490495 62786361 48644009 95231142 78116748 99718293 76020470 50913681 90992133 73556484 12667541 46366000 09639186 99706310 01562531 88775557 43793206 19252221 80441851 38550239 52124989 11882002 80937665 00434241 90439127 06519830 65499400 98907337 88779316 04055546 14721606 77532665 66468383 68897520 71034698 76122466 82237176 84480288 34495168 75773111 14150120 57477306 98876584 85570915 12065594 35738716 74012742 97162672 15553671 12159729 00390625 

1 1 16 658
N0[] = 100 :        2 04620239 00226836 81535427 39334941 72298445 39603719 32183728 09525490 24423157 70908832 51665402 51731594 23790295 25765006 68443446 05544703 76655012 18057853 97305400 08975146 56297417 46640757 08651380 20744584 95450325 88836109 02779466 63351322 96071071 35430573 85216886 36910630 09336786 46138651 74436249 91115560 57276078 15598722 04227307 17205067 61538857 64530771 04588087 98971206 31594319 89018016 31990823 54346630 28377327 83835854 03851970 97658657 12908339 27975667 97654997 85030741 04075411 59500076 73827668 27438777 17181012 13296887 02738703 64155304 26407796 85494374 23942640 17595890 86513881 48786759 11275589 87572512 63937111 58068532 42497895 80658257 12352777 43521139 28846195 34916111 12895065 61236381 96558509 56505277 89420777 35276543 94852708 27115135 95095866 42326902 13173013 63338284 91746699 41237025 24637059 13958023 13318543 52484874 01783296 

1 1 17 644
N0[] = 100 :        2 56510630 16925362 76983180 24224053 43227662 89647715 12317306 41935375 48284103 67835246 52322717 53110242 01538900 95616135 16306570 16594772 29060825 90168502 34605533 98539822 58973019 91920636 82169918 89884463 93797448 53134812 01756860 66822372 49219045 18082013 38898960 28684702 89850313 74699340 52308371 72317866 54345762 79694789 90655707 47374878 49651955 83833006 58446265 81618487 21150051 65636918 00069639 26137730 36716633 43331081 90888290 95526692 77666581 06609724 33673348 27200684 50750820 15253296 67804224 28526425 45930253 54892643 94413968 01114900 46176980 64575941 40989417 46192335 58839104 85804125 30984914 60451515 44174128 11426335 27169681 51622712 91599774 12339760 26405504 55443966 71233050 98359885 24701042 57888617 05017112 85447711 89608438 36728577 84297308 17321087 60845302 54289952 72465927 47894467 38364145 57338365 23562351 30249579 94118721 

1 1 18 631
N0[] = 100 :        1 19385262 91684985 78704810 49860313 28261458 45832596 05985414 90032542 11260767 83239464 11704514 24260690 53286797 64855008 72551077 43534149 60592843 29191472 84644809 02477626 30128471 80130331 78018611 42229250 18808160 60491623 70096769 76463773 13265602 40191755 99108558 19010127 78878842 19567253 92319947 69191529 11444716 17708653 28230933 53946760 99294118 91787843 73901791 95879364 81317567 52594995 97813130 91558510 15526364 10180887 93752044 59765027 03822973 90781204 07120062 40731659 37512219 46583943 81027836 24365071 67844526 03360014 28241573 45612240 00091396 67231348 48919213 96849747 67697594 99419675 72014826 35109076 56390090 15667372 43857015 64164824 86524405 29393299 70634848 51017496 18336378 88737476 44163744 57471795 28622409 06028985 03832135 03637599 70785021 39234628 05585639 68160423 30010300 44095792 95060248 12652434 48487543 29566742 65055232 

1 1 19 620
N0[] = 100 :        6 71788539 67264424 44914074 61779037 44072841 27273564 68469305 26794844 71080418 87149579 15998330 03331414 47795208 43531128 91554898 49189811 32937336 25876981 67156162 96185631 20818772 72365362 73014410 49664840 05170676 54358916 46703644 00525819 36242906 85980708 36939831 53900114 06618140 09374681 41439694 04721364 12859593 20310045 53757165 13536106 15900312 10031455 78207945 26808677 55224079 65822130 78655127 82536092 85884786 54346145 89995141 35254909 45845987 81989435 19130994 33671811 22600091 68111049 47306407 61652980 69770538 29400282 33910187 17364928 54007550 24313344 60170249 31436312 66760937 78401515 74156960 18627692 93410265 70504479 88276082 11150150 48102165 00041020 15472474 11741158 92372134 42972472 53054886 58258577 60308705 66666040 72190945 22145141 35359450 56151320 91142529 82181425 47220896 29584099 27578013 13179599 54427810 02807257 96423601 

1 1 20 609
N0[] = 100 :        2 12455197 12670683 94758352 82620987 45093183 72470908 12769279 77765528 01614239 44340897 09566500 09060917 14267555 73179449 86004061 38631735 06108289 57638079 91506634 94077753 25083341 57287612 69125120 00000000 00000000 00000000 00000000 00000000 00000000 00000000 00000000 00000000 00000000 00000000 00000000 00000000 00000000 00000000 00000000 00000000 00000000 00000000 00000000 00000000 00000000 00000000 00000000 00000000 00000000 00000000 00000000 00000000 00000000 00000000 00000000 00000000 00000000 00000000 00000000 00000000 00000000 00000000 00000000 00000000 00000000 00000000 00000000 00000000 00000000 00000000 00000000 00000000 00000000 00000000 00000000 00000000 00000000 00000000 00000000 00000000 00000000 00000000 00000000 00000000 00000000 00000000 00000000 00000000 00000000 00000000 00000000 00000000 00000000 00000000 00000000 00000000 00000000 00000000 00000000 

1 1 21 599
N0[] = 100 :        1 02178034 80440845 54127362 76029990 98394538 04456355 08392466 94073597 68257366 89668357 43709276 86111122 92275128 41081795 31546888 04422028 16982687 95719551 21397347 28843411 82692164 46204503 44653031 01419891 89450252 92517403 37849706 81592723 64632800 61316960 55815363 04893626 50960490 20440949 54620288 81699801 37152208 37240371 93024003 46854903 77684052 12437024 41127795 25198784 71068097 66987302 41890264 24972842 46342287 36527552 95482452 86687708 03711684 26935457 01915266 50898711 08565898 31122498 23296427 07473446 11637464 62018550 35373744 80788810 07369755 56494417 25033941 87259887 78065934 48248844 51496212 54219803 67212043 89470870 27731119 26350334 58952284 53955341 00886025 29179722 15567032 40465887 34199761 68712771 46088928 22742501 03266244 62306837 17547172 09625079 03834411 06427715 96875614 09214660 99167992 65783097 29320316 89387132 85404381 

1 1 22 590
N0[] = 100 :        1 06999484 43761628 09827663 68401461 52482539 40660223 56886528 76231451 05802034 53524896 45671286 50179571 47684215 42043523 68175713 29549715 40554301 00690168 07625294 00670771 16361713 13729471 42080570 57645869 10334027 13975434 89850466 41884912 95399836 52716168 99531180 61898595 87870214 82676239 34418831 14314485 42860118 85883248 50556920 85409663 78786401 03432390 23613485 60150668 47103917 15763163 09688367 96145075 35931738 06287803 55547048 51214775 77656658 18550756 40514800 44903236 00153590 29852572 87872186 74204510 21139686 85969187 19630658 20980438 19917360 43795656 93450901 98066714 53838251 84976743 96723671 10059104 72952797 36837255 31626735 34441094 47609430 54327137 24789739 26489558 87921055 70291147 78314212 77497127 75010987 58789445 53460875 95858561 04718511 02312781 64532659 12840813 35112889 14427210 79389389 80531870 04258648 78762827 69997824 

1 1 23 582
N0[] = 100 :        3 35428965 07984294 47813282 07458380 95128750 20269360 45609010 68878526 74550874 72615747 26481380 81476131 96767896 52929042 44617409 90123934 90257142 47744923 60357240 58297334 36112719 88346216 36721175 02617500 45697086 70134571 70998021 53556543 01287658 87889980 70569452 31116937 88396445 36847154 49265869 23948137 43914461 38035085 33969271 26408091 90324619 44188950 83679869 02872736 98908850 10395107 04851772 85334915 48803914 00693153 72815093 95251765 13699265 24740090 94124267 30926733 23448554 31630495 24175897 77089120 37311148 89252606 58108849 67756018 23651728 70317848 55806502 55151565 62121180 56284106 58755674 31908604 79770519 15986247 52683971 67961239 28413906 25269925 60002667 70522340 44461796 94395635 86100065 80736842 08560407 73588233 80218572 67776558 42528288 87373707 67229681 43076667 74429406 21589444 70235375 93881694 09098559 29696958 37223729 

1 1 24 574
N0[] = 100 :        1 74282083 21186858 60767085 98564349 99171525 70762250 87928355 22627452 51075533 46914550 03033351 85901795 51576191 47977954 59466481 49268107 02508393 35859706 74283745 29773045 37291441 98147632 18767775 42098476 36158504 78504230 32852790 85604778 63160970 74545019 53129281 34612273 86392562 12756279 36339364 95579392 82439634 73096260 13529162 97306201 80652621 62704022 53488761 53783599 63720915 62744631 74579138 69481005 61439043 86189592 52167649 09066219 98187764 53958890 42615842 12406393 95816770 65092098 38316787 10877294 39629516 75425738 46379635 31572202 64019398 33122961 18522569 94009751 01476932 88058744 54929709 01432232 80982242 20139288 70728120 21120786 93986257 64751549 78970291 58070087 12650259 76921452 91897284 41211994 23233169 42954037 15412361 30570291 07060299 87826044 69656715 37410955 36655433 88124139 83951037 03301997 82866791 70200576 46923776 

1 1 25 567
N0[] = 100 :        4 28533637 25722666 57043286 93516142 96422625 97936502 21332725 32391329 70694003 68644695 33691212 83889155 09454544 30162442 01295009 54657680 81745890 45391997 92553176 11853267 89311610 73770702 98450301 42012532 66465054 18628444 49018969 75929622 88319598 25678638 99636952 51788396 08205436 40274185 29904514 41922293 86664402 25464919 50521881 44764077 87959182 75255222 08215424 82190359 78860123 61834958 84161583 54740526 93054966 31756127 37616357 37608032 82151084 53377344 58010495 75833456 80224250 12681952 20868209 26602461 24793436 96703450 71829403 00534452 51809853 76837516 46782382 33350534 84624177 05307050 29115172 28208454 56211388 45423230 86491346 34314221 07806227 68842357 95506748 82245575 68780393 19545466 41339120 60208080 56753671 78492580 05258656 05326087 77186960 22037586 24580721 48579778 45920984 00165919 44178436 79048019 11208778 61976623 53515625 

1 1 26 560
N0[] = 100 :        2 42702843 00476681 08355425 56781995 62865664 05805587 08077232 68363251 44391961 18605310 18407558 14740652 39031460 79005686 13563588 96884400 27653303 47540435 47893329 47559544 35157671 69575397 29376389 96650120 91613028 41331091 68631706 18519709 55262469 84483805 23093310 55577905 94528187 84180644 48524376 68687431 58860882 53240040 68486670 09233030 19184367 43659168 87521869 40169304 03252421 29396264 17628652 54942764 70191561 53478446 01874685 12945943 45068256 41893633 99516610 38786248 95946494 96529739 89883149 71425887 47931675 41834060 57394664 81307086 92189086 20939707 80577052 72862465 64858710 00430760 06967795 70417078 51004420 40643350 85229211 91234420 49956645 58476781 23557228 08658151 85639303 92955699 07857777 81946579 73770570 57845069 03914243 01025061 59211888 05280890 81932704 10432918 51878882 12058006 06876731 13720282 93852594 38272405 05573376 

1 1 27 554
N0[] = 100 :        9 45203549 97886781 02779044 35026495 71061025 89690937 26405153 39360662 37875204 91303470 82714053 71407671 43802860 44248496 71079650 81102816 78531691 70106536 31369177 34880520 27745224 45484230 70283609 59512746 18601523 94580862 04613822 30752967 78384678 80380909 78893718 33409096 74280528 78548211 74743265 39924168 75336668 60389331 99531125 13695518 21864264 28999061 44750589 11680441 83946869 05640112 77569219 28856583 59023603 32184124 26967007 58819139 78393689 89637785 71360703 52386535 77553708 07532033 73291145 75442037 81062280 26441796 96736526 64202573 56583302 49206746 52966138 23497670 32131169 49251248 58877332 72798643 18599256 32171358 21015467 96217995 20635302 98752514 12410186 29364711 51789349 78839815 91719227 77397206 41049385 93561834 62734220 86859948 34764462 60811752 39129288 31018420 15689304 62502491 52191279 74287601 66346689 61241792 30666809 

1 1 28 548
N0[] = 100 :       11 03065179 80852582 23224402 68916875 17238975 10190728 17562961 50450868 75394787 97502274 40856811 71670189 82611369 52911624 49073233 49351565 30955769 67657306 39944954 41555256 03750215 53691599 87071882 64036318 06606922 02950530 02707441 90704839 11531124 69581523 02640232 63678355 12786672 21017868 70298405 76640828 36812942 63443014 84188163 34600259 31095013 69661871 45439595 95067241 77046256 59869251 00894600 70123576 60447813 58122826 88444633 88016374 99231334 36806155 14675235 01912489 18025424 29497852 12897369 15264496 28143496 39620709 54526799 46143790 53639145 99468057 18376217 34021351 79209748 09782424 42204290 41574316 76293517 56355844 22901096 78538478 72673160 76626158 10701576 83656720 78081278 64659921 40446312 22554641 42721887 51341464 41786261 95849282 53234847 69600999 81248073 16447495 54732127 26197378 78042724 94972173 89107270 40827716 38747136 

1 1 29 542
N0[] = 100 :        4 16595775 09167063 72697800 40860807 53336040 05605619 73148757 37996913 10302583 87773280 58033950 11259089 52957613 04642186 14382258 03590377 41366192 87651642 15038455 91715804 09504130 12874186 44771314 23721231 16951734 80832005 63952774 25072961 79890235 22867930 74712346 58466607 17005791 66106091 51301080 89211945 94006372 63387222 92530592 00733210 81068958 48206734 86975629 61172685 11856547 38178911 89487154 21004530 91107654 28156784 57531696 44539027 73513565 82415874 57614988 02617175 20136840 33443663 79251885 35095603 27253467 68799181 90622107 91174709 32322661 52257505 33673041 66563260 15665150 65557474 88902374 25088360 50859497 38672206 84762618 25105381 05791339 08717233 38147129 76509645 76934254 64268882 65768744 41921269 91504827 99260940 69229115 76765617 77030383 25570457 84754889 77305429 99164335 51817638 61089175 46607928 53447284 20046158 66123641 

1 1 30 537
N0[] = 100 :       16 37245420 91807021 41523255 59258653 09470485 34269252 85918944 61181286 32679415 84296884 93953157 65517605 14670955 19041782 96296303 73093599 87202320 59457151 74850311 50185553 12138434 97600219 15818517 38533648 53812248 15211582 86061483 61333069 28047176 31882500 14400513 34273630 00000000 00000000 00000000 00000000 00000000 00000000 00000000 00000000 00000000 00000000 00000000 00000000 00000000 00000000 00000000 00000000 00000000 00000000 00000000 00000000 00000000 00000000 00000000 00000000 00000000 00000000 00000000 00000000 00000000 00000000 00000000 00000000 00000000 00000000 00000000 00000000 00000000 00000000 00000000 00000000 00000000 00000000 00000000 00000000 00000000 00000000 00000000 00000000 00000000 00000000 00000000 00000000 00000000 00000000 00000000 00000000 00000000 00000000 00000000 00000000 00000000 00000000 00000000 00000000 00000000 00000000 00000000 

1 1 31 532
N0[] = 100 :       25 37588046 31109431 19761891 25441820 89343165 06339365 88937669 72566861 56467302 67488412 13188606 11767863 50188508 13253251 81911239 20184117 40462499 75244532 48480498 44043032 45345117 19703661 64521079 88311248 63959292 35820662 28793394 38165908 69992204 95280997 81997839 32159957 37482223 99798193 43419903 69461266 97966383 59022264 24847077 47893164 49795053 71327539 38066109 39020327 39197192 14245465 60731281 79480896 53899865 68802310 53822236 96193775 17390071 68262016 57449316 58656344 80133054 50817698 95115566 95917152 57277298 79066676 97102407 19753048 66032810 91881094 95857617 34126139 08838564 37052206 56585414 38656225 18709278 76011208 94751580 63007218 39298795 84815867 75771779 75170578 41420561 68070179 62720063 99859382 85110181 27203566 05611959 23584513 85111226 91364410 22708398 47361756 88787347 87194910 82142117 16976078 83597503 62893880 94207361 

